55349	-23.547500	-46.636111
55342	-23.650000	-70.400000
55611	-25.427778	-49.273056
26371	-23.604913	-46.715669
54637	25.783150	-80.300854
14925	26.011201	-80.149490
36319	26.699760	-80.104168
3996	26.358688	-80.083098
51061	10.650000	-61.516667
33647	-29.628611	-50.834722
19379	14.600000	-61.083333
42458	-23.547500	-46.636111
42453	-23.595184	-46.687213
42454	-3.717222	-38.543056
42455	-23.553257	-46.688493
42456	-1.455833	-48.504444
42457	-23.547500	-46.636111
13607	26.598320	-81.860807
26483	13.066667	-59.533333
26482	13.083333	-59.533333
3775	26.754391	-81.395280
43988	-12.971111	-38.510833
13543	18.072130	-65.799932
42051	-23.466667	-46.633333
12011	-33.450000	-70.666667
11763	19.516667	-101.600000
42587	19.350000	-99.150000
2189	25.708875	-80.282013
12527	26.122308	-80.143379
12521	26.196130	-80.142264
52488	4.600000	-74.083333
9414	13.683726	-89.248986
21297	17.050000	-96.716667
21296	14.553405	-90.735255
10141	26.122308	-80.143379
10140	26.122308	-80.143379
10144	13.051887	-59.536154
53352	19.434167	-99.138611
14130	-13.518333	-71.978056
14135	25.774266	-80.193659
41342	19.304016	-99.189155
58079	-20.212011	-70.152941
27995	-33.450000	-70.666667
27996	-33.421793	-70.611251
46861	26.217305	-80.225881
46860	26.370554	-80.189058
46863	26.195669	-80.125908
46862	25.774266	-80.193659
49304	4.647302	-74.096268
54957	19.376996	-99.253290
37001	26.318550	-98.181511
36844	19.455650	-70.707191
36486	25.640550	-100.275106
42122	25.665393	-80.399265
42123	25.809019	-80.316521
40181	25.565570	-80.341712
26973	-3.717222	-38.543056
33213	26.271192	-80.270604
49415	-33.425360	-70.566466
49414	-34.166667	-70.750000
49416	25.987314	-80.232271
49411	-33.550000	-70.566667
49413	-33.417013	-70.587531
39744	14.621110	-90.526940
39743	15.500000	-90.250000
39741	25.819542	-80.355330
54397	-22.902778	-43.207500
40368	26.147547	-98.268537
54376	25.674832	-80.382063
54377	25.657996	-80.287879
7670	-34.610748	-58.372044
37177	-34.000000	-64.000000
37176	-33.892500	-60.572500
37174	-34.678623	-58.368301
3347	-33.450000	-70.666667
37179	-34.611130	-58.413099
18634	10.304448	-85.825710
31694	25.952299	-81.722676
23502	-33.021606	-71.546076
39597	-23.547500	-46.636111
39595	-23.576965	-46.686884
47695	26.358688	-80.083098
47697	22.216667	-97.850000
14407	18.398550	-77.103348
39598	-23.538057	-46.679196
31239	10.691803	-61.222503
23611	26.366148	-80.070419
27763	18.466334	-66.105722
27760	26.368026	-80.189410
27767	10.650000	-61.516667
28183	-33.450000	-70.666667
2031	25.993742	-80.118553
26368	-23.547500	-46.636111
23271	26.571894	-80.104532
23270	26.823395	-80.138655
43262	18.466667	-77.916667
23272	26.709029	-80.109701
11370	25.707602	-80.293385
50075	-38.737351	-72.613221
50074	-33.450336	-70.554870
50076	-33.425359	-70.566465
50070	-33.450143	-70.667988
50073	-37.474294	-72.334317
50072	-33.437290	-70.644306
50079	-33.450000	-70.666667
50078	-33.434848	-70.615731
25729	-26.293546	-48.845592
25727	-26.293546	-48.845592
25054	19.450656	-99.277168
56592	-20.523889	-50.744444
44138	-33.429810	-70.623430
32797	-23.547500	-46.636111
56134	-33.547205	-70.583247
44978	18.136829	-77.031713
245	26.172336	-80.119493
9978	26.214788	-98.325949
36237	-33.429000	-70.617079
25435	26.237860	-80.124767
40892	-33.450000	-70.666667
42027	-23.547500	-46.636111
42029	-22.866620	-43.446012
42028	-23.547500	-46.636111
43048	19.434167	-99.138611
42938	-38.732561	-72.612594
26665	26.159519	-97.990837
42937	-38.734861	-72.566993
50323	4.600000	-74.083333
38426	26.190631	-97.696103
38427	26.132576	-97.631101
38428	26.301737	-98.163343
16809	26.678955	-80.129210
12138	-23.558218	-46.678985
11626	20.883333	-103.833333
12131	-33.379020	-70.577876
10152	25.597606	-80.380610
36497	21.174288	-86.846559
36499	-2.198918	-79.910716
49318	26.823395	-80.138655
49319	26.715342	-80.053375
52741	25.774266	-80.193659
49317	26.032590	-80.203936
37013	-31.400000	-64.183333
19878	-12.933333	-74.250000
45273	-10.000000	-55.000000
36784	-34.584579	-58.453430
53721	-34.576126	-58.408813
48316	19.450656	-99.277168
41172	26.154458	-80.271159
41170	-34.617554	-58.371681
49404	25.707602	-80.325608
5837	26.358688	-80.083098
38635	4.647302	-74.096268
9752	26.681195	-80.054323
29378	26.358688	-80.083098
10089	24.924300	-80.627840
39774	26.243510	-80.266120
10081	25.779896	-80.131727
13266	-23.536926	-46.671378
13261	25.774266	-80.193659
18718	25.766522	-80.203585
54904	-2.166667	-79.900000
27819	-25.434118	-49.264784
7067	25.958907	-80.148441
5442	10.377211	-83.950935
30538	-22.910434	-43.241494
30539	-22.905556	-47.060833
30536	-21.760078	-43.349358
30537	-22.902778	-43.207500
6961	26.122308	-80.143379
23519	25.679270	-80.317274
23511	25.747392	-80.219075
23513	14.100000	-87.216667
23514	25.679270	-80.317274
23515	25.755833	-80.404444
23516	25.670659	-80.401165
23517	25.626282	-80.433655
50080	-33.020266	-71.544452
41005	10.073889	-69.322778
47687	25.774266	-80.193659
50240	25.707602	-80.293385
8470	26.177949	-97.668034
31201	14.621110	-90.526940
50131	26.518524	-80.078979
42583	-34.617554	-58.371681
9986	26.199284	-97.680613
9987	26.256175	-98.256091
9984	25.921404	-97.476204
9985	26.238036	-98.177549
38360	-23.547500	-46.636111
5612	19.434200	-99.138600
38368	-30.033056	-51.230000
7686	18.248288	-66.499894
23286	25.899986	-80.198059
3825	26.619386	-81.665938
11561	-23.547500	-46.636111
23268	26.653082	-80.131693
4286	25.083333	-77.350000
50666	26.461462	-80.072820
50066	14.624140	-90.554088
50067	15.500000	-90.250000
50064	-33.399522	-70.508622
50065	-33.423227	-70.586528
50062	-30.746667	-70.660833
50063	-36.828022	-73.041593
50060	-33.450000	-70.666667
50061	4.600000	-74.083333
24770	19.434167	-99.138611
24774	-4.030426	-79.787415
50069	-33.421090	-70.573813
55256	-33.519609	-70.576975
55257	-33.008056	-71.519722
25040	-33.441758	-70.631191
25041	-29.907778	-71.254167
25042	-33.039607	-71.595400
25043	-33.431386	-70.623804
25044	-33.450000	-70.666667
55258	-33.463039	-70.647942
12720	-2.166667	-79.900000
28779	-33.434573	-70.634375
55143	-33.425360	-70.566466
11293	-10.000000	-55.000000
49300	4.700000	-74.066667
56850	-13.035000	-39.014444
56676	-12.121686	-77.034824
56673	-23.623056	-46.551111
56672	-23.614716	-46.696304
25139	25.085542	-80.456035
16729	10.681750	-71.656380
16728	-33.450000	-70.666667
25422	25.955278	-80.283333
16720	25.800882	-100.578510
16727	-2.166667	-79.900000
42032	-23.547500	-46.636111
57673	-20.250000	-70.116667
42031	-23.547500	-46.636111
42034	-22.902778	-43.207500
12036	14.072256	-87.185590
11586	25.626188	-80.412793
51135	-32.899341	-68.858375
19323	19.433328	-99.076461
51138	-25.427778	-49.273056
6685	25.772877	-80.347830
19324	-12.050000	-77.050000
17290	26.534631	-80.059831
17291	26.558454	-81.909794
12107	-17.383333	-66.150000
7991	18.451852	-66.084976
42326	-33.008056	-71.519722
42327	-33.550000	-70.566667
42324	-33.441425	-70.668002
42325	-33.564221	-70.584856
6198	26.122308	-80.143379
42323	-33.036942	-71.650979
49326	25.857596	-80.278106
53377	-30.040780	-51.225427
53379	-30.033056	-51.230000
53378	-30.028250	-51.202528
57308	25.767099	-80.185158
46684	27.027376	-82.390101
22810	26.652301	-81.974137
46681	25.890095	-80.186714
46680	25.882040	-80.241994
46683	26.358688	-80.083098
46682	26.071254	-80.374434
36790	26.013565	-80.338053
48306	26.127586	-80.233104
12218	17.950000	-94.916667
44139	-33.590019	-71.596813
46647	-34.576126	-58.408813
40162	25.774266	-80.193659
10509	18.250000	-77.500000
9761	26.358688	-80.083098
49435	26.318412	-80.099766
37371	20.716667	-103.400000
13079	25.762778	-80.267222
11961	-33.069350	-71.425036
3320	-22.992325	-43.276325
27804	-33.450000	-70.666667
33237	-33.383333	-70.900000
33238	19.453070	-99.160312
33239	19.385605	-99.179489
29294	26.121115	-80.127232
47239	18.361557	-66.050278
47238	18.253265	-67.160065
47237	18.364672	-66.072944
47236	18.380524	-66.089416
38280	25.813590	-80.191677
40789	26.256430	-81.800234
1553	-54.800000	-68.300000
7608	26.621680	-81.840591
11104	25.857596	-80.278106
34313	25.693713	-80.162825
27994	-33.424949	-70.585739
47523	-31.771944	-52.342500
31583	19.601111	-99.052500
27999	10.500000	-66.916667
9991	26.132601	-97.678451
8527	26.366951	-80.094376
49303	4.600000	-74.083333
28236	26.683677	-80.279770
49302	4.613130	-74.068094
50477	-34.617554	-58.371679
50478	-2.000000	-77.500000
28238	26.359058	-80.153426
28239	25.881725	-80.275020
32480	25.804533	-80.353069
32481	26.188067	-80.149755
52836	-23.547500	-46.636111
4298	26.845719	-80.085858
47448	25.774266	-80.193659
50053	-34.888269	-57.947876
50052	-33.035029	-71.597834
50051	-33.408066	-70.547648
50050	-33.450000	-70.666667
50057	-29.950700	-71.336880
50056	-33.621708	-70.574718
50055	-33.450000	-70.666667
50054	4.742218	-74.053936
23389	-34.858056	-56.170833
50059	-33.441695	-70.642674
50058	-53.150000	-70.916667
51586	-33.450000	-70.666700
24765	-10.911111	-37.071667
55260	-36.826995	-73.049769
19613	19.558333	-99.261389
47304	25.706004	-100.342496
43440	-0.216667	-78.500000
43441	-2.150000	-79.866667
43442	4.600010	-74.083300
43443	-3.666667	-79.650000
43444	-33.436676	-70.655894
13674	25.954436	-80.236654
9977	26.208993	-97.673359
6839	26.976103	-82.094114
9973	26.215907	-98.325293
9971	26.184387	-97.706696
39024	-23.547500	-46.636111
5866	26.122308	-80.143379
25631	20.595792	-100.374939
46891	25.887688	-80.344504
25140	26.380632	-80.159767
25142	25.765874	-80.189303
25145	26.140363	-80.213381
25144	25.781769	-80.232697
25147	25.790654	-80.130045
25146	26.727842	-80.122821
17607	26.371810	-80.101331
25148	26.708398	-80.230602
16738	19.434167	-99.138611
25418	18.250000	-77.500000
53980	-25.427667	-49.262644
42795	-36.826995	-73.049769
42793	-33.495145	-70.576069
42792	-33.431276	-70.588369
42791	-33.021927	-71.555244
42790	-33.022263	-71.553066
51511	18.354672	-66.007388
57649	-22.826944	-43.053889
40534	-23.547500	-46.636111
57647	-23.547500	-46.636111
31818	14.621110	-90.526940
42552	-22.790618	-43.327338
43027	-10.000000	-55.000000
43024	-22.895109	-43.293822
43025	-22.942778	-43.358056
6456	-30.033056	-51.230000
20713	14.621110	-90.526940
32116	26.117783	-80.144396
32115	26.251748	-80.178935
32112	26.117783	-80.144396
32110	25.935083	-80.126684
51518	18.346460	-66.062461
12145	-23.547500	-46.636111
32118	26.117783	-80.144396
9429	26.231332	-80.194997
52584	9.748917	-83.753428
57331	19.388756	-99.015494
46858	25.826597	-80.231407
46859	26.275636	-80.087265
28237	26.715342	-80.053375
20006	25.083333	-77.350000
38576	-22.902778	-43.207500
38574	-22.902778	-43.207500
38575	-22.683333	-43.250000
53965	4.600000	-74.083333
6248	26.142036	-81.794810
6236	26.461462	-80.072820
41205	21.116667	-101.666667
6233	26.064203	-80.315714
48117	-33.450000	-70.666667
48114	18.350722	-64.935932
11826	-22.957031	-43.199158
11821	-27.597024	-48.549583
10518	21.500000	-104.900000
10512	25.774266	-80.193659
3254	-33.525654	-70.589067
36108	10.500000	-66.916667
54504	26.366973	-80.172815
28533	26.715342	-80.053375
38760	-31.400000	-64.183333
37182	-34.576126	-58.408813
37180	-34.875546	-58.017553
46198	26.715342	-80.053375
37748	26.639389	-80.298729
37749	26.713264	-80.095756
37216	18.011077	-66.614062
37217	19.000000	-70.666667
37215	18.248288	-66.499894
40204	25.670659	-80.401165
11135	25.580662	-80.346720
3026	26.113503	-80.159889
40333	25.667432	-80.372886
40843	20.365895	-87.332039
30355	25.850905	-80.308179
23663	-12.971111	-38.510833
28391	26.011201	-80.149490
8513	-22.982376	-43.223480
4198	26.273239	-81.815506
50867	19.376670	-99.223029
50863	20.233333	-103.583333
48921	19.558333	-99.261389
4351	26.118976	-80.316439
28240	26.635901	-80.096154
28243	26.934225	-80.094209
14520	26.219337	-81.514802
28247	18.368561	-66.216834
28246	25.720462	-80.428271
38387	27.044224	-82.235925
50469	25.929102	-80.120480
6505	19.427050	-99.127571
35124	-23.595031	-46.686739
32478	25.772877	-80.347830
55014	-23.663889	-46.538333
6432	18.466334	-66.105722
23391	-19.920833	-43.937778
50048	-33.450000	-70.666667
50049	-33.450000	-70.666667
50518	-34.931389	-57.948889
50045	-33.429711	-70.669477
50047	-32.970153	-71.528764
50041	-33.449129	-70.625195
50042	-33.427125	-70.603557
50043	-33.444346	-70.623291
35478	8.000000	-66.000000
28867	25.774266	-80.193659
35670	25.772540	-80.187860
23803	25.675780	-80.317746
23804	26.122308	-80.143379
19029	9.966670	-84.048409
46199	10.073889	-69.322778
16740	-34.600821	-58.392787
25156	26.285333	-80.198254
25157	25.793738	-80.128126
25154	26.122308	-80.143379
25155	26.122308	-80.143379
25158	26.272750	-80.282466
25159	25.774266	-80.193659
46446	25.785670	-80.140067
42788	-33.022263	-71.553066
42789	-33.427250	-70.605562
239	26.190965	-80.139002
42780	-33.493816	-70.577162
42783	-33.450000	-70.666667
42784	-33.021129	-71.546675
13505	26.153152	-80.297478
42786	-33.493530	-70.652766
13507	26.187953	-97.706647
31823	25.775839	-80.354164
31820	10.246944	-67.595833
31825	14.621110	-90.526940
31824	-34.095556	-56.214167
57650	-23.663889	-46.538333
42542	-33.445174	-70.564457
42543	-33.425360	-70.566466
2221	26.265712	-80.181247
5146	26.658678	-80.241436
52226	-23.547500	-46.636111
54378	25.468722	-80.477557
51151	25.763433	-80.296162
16365	-12.697500	-38.324167
22254	25.774266	-80.193659
26069	25.774266	-80.193659
17180	18.025779	-77.855460
11650	25.752339	-80.254679
41155	-26.283063	-48.849207
58035	10.073889	-69.322778
17766	26.028146	-80.226437
58036	10.500000	-66.916667
38810	-23.464443	-46.636729
52571	26.330064	-81.788981
7228	26.649369	-80.217275
49188	26.615901	-80.056986
42942	-38.754196	-72.635770
42943	-38.733333	-72.600000
42940	18.470932	-69.948257
42941	-33.441425	-70.668002
2150	26.247012	-80.210469
42760	18.430502	-65.996832
42761	18.354672	-66.007388
33725	26.556470	-81.871635
49459	-23.547500	-46.636111
25152	26.168611	-80.258185
9703	-34.576126	-58.408813
49454	-23.663889	-46.538333
37426	26.452025	-81.948145
25153	26.166839	-80.254534
44204	25.790654	-80.130045
44202	26.063721	-80.258118
44201	25.774266	-80.193659
5498	26.017413	-80.148441
27824	-22.912290	-43.168370
24025	25.812799	-80.354876
24026	25.774266	-80.193659
49852	10.500000	-66.916667
37224	-34.600000	-68.333333
18188	26.122308	-80.143379
18184	25.774266	-80.193659
18340	18.466334	-66.105722
11124	-23.979650	-46.270059
28411	26.405436	-81.710132
7787	19.700779	-101.184425
3012	26.484228	-81.898908
29438	19.427050	-99.127571
29435	18.776618	-99.223710
29437	20.375287	-99.981031
34334	-23.501667	-47.458056
8051	26.659750	-80.268061
47676	18.430700	-66.016616
47675	17.994966	-66.716285
23656	-23.623056	-46.551111
23655	-23.547500	-46.636111
23653	-22.912811	-43.169708
23651	-23.628795	-46.659068
28253	25.961389	-80.196573
28257	26.689590	-80.099579
28254	26.716379	-80.115201
28255	26.677597	-80.065735
28259	26.022873	-81.700642
50453	25.770884	-80.155896
39021	26.318412	-80.099766
26667	26.190631	-97.696103
3875	-22.963772	-43.216650
32460	10.963889	-74.796389
3877	20.666667	-103.333333
23721	25.774266	-80.193659
43225	26.358688	-80.083098
23236	4.600000	-74.083333
7564	26.203407	-98.230012
5714	6.291389	-75.536111
50038	-33.444351	-70.623314
50033	-33.425488	-70.579012
50032	-33.442595	-70.696343
50035	-33.568140	-70.678472
50034	-36.826995	-73.049769
50037	-33.463039	-70.647942
50036	-33.414871	-70.601576
55200	-33.504625	-70.549314
55203	-23.553195	-46.657796
55205	-23.583333	-46.633333
55204	-23.318611	-46.586667
55207	-23.186389	-46.884167
55206	-23.559128	-46.643066
28873	-33.450000	-70.666667
4768	25.774266	-80.193659
13898	26.091224	-80.213608
57791	25.742201	-80.266671
51498	-36.798429	-73.059850
51499	-33.437470	-70.642433
51497	-23.233560	-45.880548
16751	10.716667	-61.566667
204	-23.547500	-46.636111
25162	26.251748	-80.178935
25161	25.774266	-80.193659
38972	26.122308	-80.143379
43000	-23.547500	-46.636111
11799	-23.626853	-46.676445
43005	-23.581682	-46.669639
43006	-23.588359	-46.681175
43007	-23.547256	-46.664734
43008	-22.728658	-47.303446
43009	-23.610799	-46.633444
46052	26.296504	-80.186320
25761	-12.050000	-77.050000
56264	18.466334	-66.105722
11708	-33.058537	-71.596842
2094	-34.858056	-56.170833
3655	26.304430	-80.136805
225	26.222736	-98.305092
45433	-29.256111	-51.533611
46454	26.186482	-80.134277
46450	26.707001	-80.056396
46451	26.387619	-80.200282
46452	27.154998	-80.237376
46453	25.940602	-80.310168
50955	-24.320000	-46.998333
17408	26.713643	-80.052938
13319	25.666700	-100.400000
57648	-23.618759	-46.700607
2147	-23.617673	-46.776541
17083	18.406361	-65.977332
42759	14.621110	-90.526940
2669	25.968327	-80.143555
53236	25.774266	-80.193659
53235	25.810122	-80.186495
54237	18.466095	-66.115980
42991	-23.964910	-46.313211
42990	-23.547500	-46.636111
42993	-23.558584	-46.679287
42992	-22.883333	-43.103611
42999	-23.547500	-46.636111
24106	25.826378	-80.232750
44748	-6.233333	-35.050000
33152	24.838747	-80.758121
26852	10.180556	-68.003889
18991	-34.594558	-58.395882
10222	26.525349	-80.066431
36630	25.774266	-80.193659
13131	-22.961944	-43.273889
56777	26.242099	-81.762694
44939	26.173478	-80.137853
18192	25.721490	-80.268384
18190	26.122308	-80.143379
28463	-33.450000	-70.666667
33979	26.810566	-80.109260
24359	-15.779720	-47.929720
26917	26.481902	-97.779615
31043	-34.922485	-56.157410
29428	19.050000	-98.200000
29429	20.600000	-100.383333
29426	21.000000	-99.916667
29427	19.207100	-96.143600
29425	17.666667	-101.583333
29422	19.400000	-99.050000
29423	19.434167	-99.138611
25823	19.400000	-99.200000
23648	-23.560303	-46.671958
30007	25.773093	-80.137129
40464	25.468722	-80.477557
40463	26.271192	-80.270604
30008	26.574440	-80.127007
48908	25.774266	-80.193659
7481	25.774266	-80.193659
28268	26.366806	-80.119461
28267	25.790654	-80.130045
28266	25.735699	-80.443912
28265	26.839290	-80.138259
28264	26.323210	-80.152473
2890	26.159519	-97.990837
36362	-22.902778	-43.207500
34455	26.052311	-80.143934
8665	26.633563	-80.089045
1458	26.122308	-80.143379
28287	26.651566	-80.152039
28282	26.635901	-80.096154
32111	25.721490	-80.268384
28289	26.062866	-80.233104
7831	-33.000000	-56.000000
8402	26.934225	-80.094209
23225	-22.933533	-43.186004
7573	26.122308	-80.143379
35076	26.060088	-80.130878
38236	13.100000	-59.616667
35816	26.190631	-97.696103
35496	26.156196	-80.144768
4796	25.774266	-80.193659
52958	18.867227	-99.198879
27114	26.586423	-81.871982
52959	19.460081	-99.123930
24640	26.310079	-80.237270
51311	26.011201	-80.149490
24642	10.500000	-66.916667
23273	26.711201	-80.053552
16761	19.434167	-99.138611
16760	6.291389	-75.536111
22175	26.621680	-81.840591
22174	26.577575	-81.750361
42560	-23.312018	-51.155908
42561	-23.310278	-51.162778
22173	26.621680	-81.840591
22179	26.482586	-81.787391
22178	26.565711	-81.872649
16563	26.356357	-80.124205
28822	17.977466	-66.297946
28824	18.417228	-66.048997
16161	26.333518	-80.269174
16163	26.715342	-80.053375
51776	14.621110	-90.526940
51773	-23.537116	-46.645407
5908	26.702884	-80.036615
43762	9.350000	-79.883333
56746	25.774266	-80.193659
38495	25.689812	-80.370660
38496	26.237860	-80.124767
49501	25.769807	-80.366318
13415	26.002014	-80.177176
11673	-38.737038	-72.624650
21984	-23.569585	-46.637146
6390	25.791626	-80.241516
57233	25.774266	-80.193659
26247	-34.716667	-58.300000
46426	10.691803	-61.222503
39830	25.881879	-80.330958
58017	25.774266	-80.193659
36755	26.280831	-98.326328
36756	25.901747	-97.497484
42184	22.133158	-101.033163
13305	26.652301	-81.974137
13302	26.712948	-80.070256
4411	18.466667	-69.900000
2170	26.121115	-80.127232
6063	26.133685	-80.288256
12098	-38.749170	-72.617227
4960	26.115742	-80.138635
3261	18.418091	-65.968934
21326	8.891389	-79.759444
42982	-33.467809	-70.576912
3267	-19.815731	-43.954223
42981	-33.450000	-70.666667
3268	18.346063	-65.666924
42988	-22.902778	-43.207500
42989	-23.583333	-46.633333
21690	26.156526	-80.138397
53841	-33.383333	-70.900000
53843	-33.393334	-70.506469
3365	-23.547500	-46.636111
13231	26.621680	-81.840591
54820	26.198833	-80.219554
11927	-34.576126	-58.408813
14227	26.615901	-80.056986
30490	26.558822	-81.871606
44001	-10.000000	-55.000000
44002	-30.033056	-51.230000
24007	25.774266	-80.193659
24006	26.358688	-80.083098
24009	15.133333	-87.466667
24008	25.790654	-80.130045
37080	-33.133333	-64.350000
13129	26.538694	-80.081429
6887	10.248333	-66.856667
50238	25.863152	-80.192825
1027	26.124458	-80.130256
38000	25.666667	-100.316667
38001	20.600000	-100.383333
3427	20.591239	-100.400460
12896	-33.450000	-70.666667
47589	9.950000	-84.083333
30005	26.606400	-80.131693
26885	26.190631	-97.696103
28279	26.422119	-80.088577
28271	25.948149	-80.316995
28272	26.366806	-80.119461
28273	26.805481	-80.134598
28274	26.292862	-81.588415
28275	18.381256	-66.131561
28276	26.358688	-80.083098
23743	25.732966	-80.336973
23745	25.758711	-80.398387
23744	26.370077	-80.209769
55442	-34.827190	-58.395600
55195	-23.003968	-43.321377
55196	-22.902778	-43.207500
51199	-33.385024	-70.537202
31030	26.011201	-80.149490
3921	26.110768	-80.149888
40504	13.100000	-59.616667
4783	26.658678	-80.241436
28853	25.757374	-80.376207
11269	-12.050000	-77.050000
15201	6.254090	-75.559753
12520	26.121752	-80.165733
3852	25.660595	-80.292332
12195	25.659502	-100.149766
16771	12.150833	-86.268333
16773	10.500000	-66.916667
56626	-20.319444	-40.337778
19271	18.467084	-66.105813
56625	-12.997951	-38.520013
42515	-22.902778	-43.207500
42514	-22.902778	-43.207500
36866	-23.553995	-46.676508
31859	-22.902778	-43.207500
43570	26.715342	-80.053375
31857	-23.547500	-46.636111
19300	26.214184	-80.211068
19650	22.890883	-109.912376
16176	25.952669	-80.254929
25749	-10.000000	-55.000000
43596	-34.168623	-70.752658
43595	-33.421240	-70.593723
6387	25.948613	-80.144298
6381	26.358688	-80.083098
3676	-23.547500	-46.636111
2543	17.602777	-101.460281
2384	25.933149	-80.162546
2386	25.863152	-80.192825
49602	26.461462	-80.072820
3554	-23.547500	-46.636111
16401	10.500000	-66.916667
5599	19.421198	-99.165657
37145	-11.960440	-77.089407
31153	20.745893	-103.383342
53141	25.791732	-80.145171
2167	25.774266	-80.193659
49460	-20.329722	-40.292500
49461	-23.606480	-46.666528
49463	-23.532500	-46.791667
49467	-23.620278	-45.413056
49468	-16.472065	-54.613364
49469	-22.846496	-43.283798
16719	-33.450000	-70.666667
20957	25.774266	-80.193659
1908	26.621680	-81.840591
42645	-34.720278	-58.269444
34778	-23.547500	-46.636111
12339	26.122308	-80.143379
48246	26.215907	-98.325293
11914	25.987314	-80.232271
26870	25.987314	-80.232271
20554	26.386683	-80.216675
45387	18.147462	-65.444881
5229	26.011201	-80.149490
18684	-26.931389	-48.958889
34871	26.726277	-80.132183
24012	25.656922	-80.338849
11863	26.204391	-80.137698
41422	26.358688	-80.083098
13118	23.000000	-102.000000
15143	26.562854	-81.949533
34272	4.647302	-74.096268
24333	25.890095	-80.186714
24334	26.461065	-80.075762
24338	26.244526	-80.206436
14362	26.166474	-80.208381
38031	-22.902778	-43.207500
54731	25.790654	-80.130045
1278	25.987314	-80.232271
37876	26.625350	-81.624803
37877	26.958394	-82.067033
33826	26.137512	-80.130470
40647	26.244526	-80.206436
40646	26.304550	-80.286066
40645	26.162224	-80.146390
40649	26.237860	-80.124767
40648	26.122308	-80.143379
37878	26.625350	-81.624803
46401	-33.419053	-70.587345
47915	18.466667	-69.900000
55181	-22.902778	-43.207500
4225	-34.877222	-56.029722
6472	26.358688	-80.083098
9831	25.733154	-80.245430
44831	26.203407	-98.230012
7590	26.625350	-81.624803
38211	26.142036	-81.794810
31042	-34.922485	-56.157410
23111	25.774266	-80.193659
7751	19.434167	-99.138611
28829	18.427078	-66.058090
28828	-19.920833	-43.937778
23379	-23.549896	-46.651123
28821	18.311173	-66.292071
28820	18.397448	-66.049888
28823	18.234122	-66.048499
8339	-23.625738	-46.721985
47131	26.122308	-80.143379
47133	26.122308	-80.143379
55170	-23.583333	-46.633333
32948	9.950000	-84.083333
5699	-27.602183	-48.468731
13751	25.721490	-80.268384
51195	-35.675147	-71.542969
51196	-33.450000	-70.666667
51209	-33.414643	-70.563468
51208	19.381454	-99.215332
51205	-33.482042	-70.602980
51759	-37.233333	-71.933333
51758	-29.953333	-71.343611
51201	-33.408100	-70.548164
51200	-33.733377	-70.745148
51202	-33.047778	-71.601111
12181	19.434167	-99.138611
56980	-23.547500	-46.636111
56290	25.774266	-80.193659
13430	-33.429810	-70.623430
56613	-33.403502	-70.591655
46409	-33.414990	-70.605807
46408	-33.450000	-70.666667
46407	-33.450000	-70.666667
46406	-33.419046	-70.616778
46404	-32.833416	-70.607964
46403	-36.950000	-73.016667
46402	-33.350000	-70.516667
2372	25.780273	-80.140506
27319	19.402771	-99.173335
2596	26.232605	-80.189702
9124	20.633224	-103.387405
2593	25.867771	-80.276992
6289	25.656915	-80.432151
52035	19.414220	-99.130544
20832	-19.916700	-43.933300
54487	19.366690	-99.139570
9230	-23.547500	-46.636111
9232	-23.547500	-46.636111
38457	-34.678623	-58.368301
3447	-36.823877	-73.056236
49383	-10.000000	-55.000000
49382	-23.571193	-46.649337
36424	26.452025	-81.948145
10492	10.631667	-71.640556
41071	16.863821	-99.889702
14150	25.956973	-80.140295
37261	5.880556	-71.891944
11876	-34.683333	-58.316667
22897	26.340786	-80.071914
13103	8.991913	-79.506279
37281	-15.779720	-47.929720
18650	26.318412	-80.099766
30588	18.391145	-66.101641
15172	-14.235004	-51.925280
54063	-32.951111	-60.666389
54067	18.466334	-66.105722
54064	-34.576126	-58.408813
54065	-34.657510	-58.554773
51310	26.545780	-80.043082
666	26.317634	-80.186347
1264	26.062866	-80.233104
50360	-10.000000	-55.000000
40654	26.265585	-80.112778
40655	26.340915	-80.199962
40656	26.282935	-80.093459
40650	26.278655	-80.283834
40651	26.217305	-80.225881
40653	26.203562	-80.205109
39469	19.666667	-99.200000
39468	20.716667	-103.316667
29695	-33.482895	-70.601921
39466	20.718331	-103.425417
37117	25.678268	-100.325273
37116	24.817970	-107.384683
29509	-36.629285	-72.072249
1467	26.583253	-81.897280
37119	25.440002	-100.991562
37118	16.733935	-92.636618
34645	-30.033056	-51.230000
34646	-1.443838	-48.485353
34647	18.393281	-66.004610
6443	26.122308	-80.143379
27074	-34.629285	-58.469721
24788	25.774266	-80.193659
23560	26.731499	-80.066154
4231	26.114763	-80.142106
30908	-32.951111	-60.666389
50569	-23.582524	-46.676431
50568	-19.938293	-43.933502
50567	-10.000000	-55.000000
47637	26.803920	-80.078636
38200	-23.588192	-46.680474
38201	-23.555000	-46.836111
38202	-23.600000	-46.633333
50586	24.924300	-80.627840
28832	18.461890	-66.488505
28833	18.394804	-66.039119
28830	18.149683	-65.827385
26419	26.621680	-81.840591
28834	18.397787	-66.050255
28835	18.465353	-66.098790
24679	26.358688	-80.083098
56423	-33.450000	-70.666667
41221	-33.454867	-70.764881
27787	18.491693	-66.398461
56197	25.721490	-80.268384
35510	26.132219	-97.893932
12640	8.537981	-80.782127
27257	12.126718	-86.296035
4052	18.323022	-66.172992
51218	-38.416097	-63.616672
51219	-32.951111	-60.666389
51216	-36.821695	-73.044860
51217	-33.421262	-70.599466
16152	26.125655	-80.336640
16153	26.405087	-80.214859
16154	26.317149	-80.183270
16155	26.358688	-80.083098
51210	-33.008056	-71.519722
56998	-33.633333	-70.550000
56999	18.466334	-66.105722
2290	25.893985	-80.165295
17204	26.579339	-80.117025
25039	-33.438852	-70.721656
25038	-33.407671	-70.551467
25035	-33.488634	-70.582507
25034	-33.450000	-70.500000
25037	-33.457175	-70.664484
25031	-33.417799	-70.601676
25030	17.983333	-92.916667
25033	-33.539702	-70.572342
25032	-33.450000	-70.666667
46388	-33.415292	-70.604040
46389	-33.450000	-70.666667
2563	26.145822	-80.265048
46383	-33.468124	-70.626234
46384	-33.450000	-70.666700
2564	25.818356	-80.190296
46387	-33.008056	-71.519722
56602	5.070000	-75.520556
56603	4.550000	-74.066667
27324	25.468722	-80.477557
46410	10.500000	-66.916667
46415	20.983333	-89.600000
46416	19.420319	-99.165634
2360	25.793250	-80.290555
2587	25.755569	-80.196433
49660	26.122308	-80.143379
57004	-36.826995	-73.049769
10312	26.208822	-80.185863
10314	26.122308	-80.143379
57000	-32.951111	-60.666389
10316	26.160356	-80.146429
17683	18.250000	-77.500000
42711	-33.441788	-70.642828
42710	-33.000000	-71.200000
53129	25.785670	-80.140067
52185	27.099777	-82.454263
10579	18.009221	-66.563160
2631	26.358688	-80.083098
49242	-22.785295	-43.162568
25013	-42.622888	-73.780809
3430	19.296969	-99.147856
4849	10.631667	-71.640556
42889	10.266389	-67.590000
57395	10.500000	-66.916667
57394	10.500000	-66.916667
49399	-33.426815	-70.624123
53873	-23.547500	-46.636111
25012	6.173056	-75.563889
41064	27.100000	-109.433333
41065	21.500000	-104.900000
5209	25.987314	-80.232271
11994	18.364672	-66.072944
8910	19.434167	-99.138611
11846	-33.423561	-70.609175
33752	-23.613608	-46.682481
13176	12.198607	-69.078372
33241	19.563553	-99.133087
33240	-33.498595	-70.615826
18640	-26.919444	-49.066111
54050	18.451929	-66.065554
1781	19.427050	-99.127571
26788	19.253611	-99.607778
30591	26.906991	-82.322073
30593	18.254399	-65.972942
38050	26.155990	-97.728496
15763	26.188293	-80.170448
40398	4.600000	-74.083333
3130	-23.562434	-46.699822
37850	26.203407	-98.230012
18002	26.120070	-80.131303
28021	-33.444351	-70.623314
28025	26.900000	-101.416667
28024	-29.907778	-71.254167
28027	-33.351840	-70.671184
28026	-32.883333	-68.816667
28028	-34.576126	-58.408813
29512	-36.826995	-73.049769
29510	-36.627103	-72.111227
29511	-33.451739	-70.667628
47718	26.684510	-80.667558
30910	-7.115000	-34.863056
51510	18.466334	-66.105722
51513	18.398560	-66.155722
12423	25.727692	-80.242157
51515	18.364672	-66.072944
51514	18.466334	-66.105722
51517	18.465759	-66.112656
51516	18.407200	-65.964703
27061	26.562854	-81.949533
25804	24.033333	-104.666667
28331	26.237860	-80.124767
19193	20.620414	-105.230656
3954	25.679270	-80.317274
31080	18.459213	-69.957169
26423	25.721200	-80.268900
12519	26.189698	-80.113079
42596	-33.548849	-70.645949
8959	-34.576126	-58.408813
12630	-15.779720	-47.929720
23409	25.774266	-80.193659
23797	26.118976	-80.316439
23798	26.122308	-80.143379
23799	26.122308	-80.143379
25028	-33.440116	-70.580558
25029	25.774266	-80.193659
25026	-33.417299	-70.589118
25027	14.606476	-90.530304
25024	-33.520469	-70.795944
25025	-33.420609	-70.606692
25022	-33.404476	-70.600645
25023	-33.450000	-70.666667
25020	-33.010715	-71.552458
25021	-33.450000	-70.666667
52998	-34.618590	-58.377286
7280	26.003146	-80.223937
3738	26.599939	-80.178480
51588	21.883333	-102.300000
21140	-23.547500	-46.636111
3731	26.271192	-80.270604
2130	25.695063	-80.404831
26111	-34.584625	-58.426743
41682	26.538694	-80.081429
2641	25.774266	-80.193659
53381	-30.033056	-51.230000
56944	-25.427778	-49.273056
44733	25.982950	-80.279457
17582	22.983333	-109.766667
53809	10.483333	-66.850000
12164	-23.547500	-46.636111
46595	18.033333	-77.500000
28011	-33.008056	-71.519722
53388	-31.419502	-53.107719
24046	26.563523	-81.752108
29219	-23.553470	-46.573456
29218	-23.628775	-46.664482
54590	24.551569	-81.801586
21766	26.271192	-80.270604
21760	26.271192	-80.270604
21763	-33.133333	-64.350000
11858	-23.312018	-51.155908
36062	26.705621	-80.036430
11853	-23.547500	-46.636111
54046	25.666667	-100.316667
54047	25.595964	-100.263022
54049	18.377013	-65.883800
17918	24.650977	-81.515085
24302	-10.000000	-55.000000
26931	26.691001	-80.075140
17911	25.774266	-80.193659
7121	10.500000	-66.916667
40380	26.190631	-97.696103
37629	18.466095	-66.115980
33636	-27.564505	-48.517169
33638	-22.982032	-47.015141
33639	-23.547500	-46.636111
8232	26.154500	-98.204500
47890	-34.583466	-58.407883
8236	26.122308	-80.143379
47895	8.537981	-80.782127
31275	-35.675147	-71.542969
12987	24.585690	-81.681000
35997	25.931122	-80.154449
28030	-32.951111	-60.666389
51509	18.179809	-66.278694
23546	25.774266	-80.193659
23544	-33.427264	-70.613880
7707	26.715342	-80.053375
16741	6.291389	-75.536111
28816	18.244339	-66.006843
28817	18.392351	-65.975003
28818	18.405503	-66.189334
34751	26.617588	-80.090682
16744	-34.588135	-58.408234
50129	26.120440	-80.254830
35753	26.625350	-81.624803
35752	26.247284	-80.210945
35755	25.781383	-80.130726
50904	18.379178	-65.797129
35759	25.756466	-80.271159
35758	25.987314	-80.232271
3891	18.472445	-66.715731
43498	-10.000000	-55.000000
48409	-22.933333	-43.200000
42463	-23.610334	-46.650327
50638	-22.912468	-43.226756
56718	-18.483333	-70.333333
56719	-33.008056	-71.519722
56716	-33.453837	-70.588207
56717	-33.588905	-70.566653
42460	-23.305278	-45.965833
25019	-33.416616	-70.605502
42465	-23.556039	-46.525637
42464	-23.534192	-46.649516
42467	-23.547500	-46.636111
42466	-19.927947	-43.945179
42469	-23.016948	-47.139308
42468	-15.566667	-47.766667
25011	-36.839447	-73.097260
25010	-33.552825	-70.671674
12192	-33.539512	-70.593416
25015	-33.528160	-70.676537
25014	-33.457233	-70.597498
6107	25.774266	-80.193659
42785	-36.826995	-73.049769
19988	26.314056	-80.205856
42787	-17.639444	-71.337500
25490	25.758711	-80.398387
49640	26.583695	-80.088218
49641	26.122308	-80.143379
49643	26.411057	-80.150604
13376	8.353333	-62.652778
4464	26.188293	-80.170448
2125	-34.576126	-58.408813
2128	25.500000	-88.400000
43010	-23.026389	-45.555278
49734	-23.602412	-46.668183
57444	-34.544470	-58.463694
49736	-23.547500	-46.636111
57441	18.380782	-65.957387
57440	25.677236	-100.356032
57442	18.407379	-66.067194
3416	24.975337	-80.553644
43018	-33.459622	-70.557954
17004	26.158340	-80.173225
36473	25.619390	-80.380739
56958	-32.951111	-60.666389
56957	-32.951111	-60.666389
53074	-23.547500	-46.636111
53076	-23.604141	-46.646439
53077	-23.592751	-46.689250
53070	-22.905556	-47.060833
12173	26.321976	-80.151405
53073	-27.596667	-48.549167
53810	10.500000	-66.916667
53078	-27.591691	-48.615711
46583	26.271192	-80.270604
45051	26.438136	-81.806752
41003	10.564444	-71.528056
10283	25.890095	-80.186714
41004	10.500000	-66.916667
2924	26.209011	-97.673392
45902	25.977733	-80.206003
46832	-23.787517	-46.714576
46831	-21.177500	-47.810278
34834	19.333333	-99.500000
41397	25.763020	-80.191418
41394	25.752956	-80.271061
43425	25.774266	-80.193659
37058	23.000000	-102.000000
10593	-34.559528	-58.472927
13397	25.774266	-80.193659
54922	26.127586	-80.233104
8974	-22.905556	-47.060833
48776	-33.133333	-64.350000
6851	26.122308	-80.143379
18669	25.774266	-80.193659
11882	19.366667	-99.216667
27432	26.122308	-80.143379
20359	10.500000	-66.850000
26921	25.901747	-97.497484
29607	-22.827778	-47.081944
37638	26.708398	-80.230602
34902	-33.892500	-60.572500
29334	20.508333	-86.945833
38671	26.725649	-80.107090
38672	26.715342	-80.053375
33641	-27.596667	-48.549167
33640	-27.603320	-48.466068
33643	-23.548943	-46.638818
33645	-23.543464	-46.724656
33312	26.358688	-80.083098
54631	26.533653	-80.115579
33646	-27.594641	-48.550601
40605	25.758711	-80.398387
40604	27.059498	-80.136432
31243	18.466667	-69.900000
31242	19.391732	-70.621856
24201	26.122308	-80.143379
24203	26.207060	-80.204101
24202	25.096438	-80.437298
3154	26.635901	-80.096154
3390	26.180392	-80.137276
3393	26.219790	-97.672290
1432	-34.551449	-58.475280
28009	6.291400	-75.536100
28008	19.369576	-99.209295
28003	-33.472195	-70.637396
29846	26.358688	-80.083098
37129	25.666667	-100.400000
37124	25.700000	-100.366667
37125	18.400508	-66.150642
37126	25.683333	-100.466667
37127	25.667213	-100.319917
37120	25.704319	-100.351845
37122	25.496132	-100.952347
37123	25.683333	-100.583333
459	19.433223	-99.132986
42033	-20.591178	-40.417155
23089	26.122308	-80.143379
23082	26.122308	-80.143379
8111	26.625350	-81.624803
23084	26.011201	-80.149490
23085	26.106574	-80.184918
7710	25.766532	-80.185053
50759	25.774266	-80.193659
47393	-26.304444	-48.845556
35366	-23.557511	-46.660550
34562	-3.743570	-38.480203
11235	25.808889	-80.255000
50130	25.538442	-80.408944
3884	25.755676	-80.373273
50134	26.133975	-80.113100
50136	26.272750	-80.282466
51402	26.141429	-80.123318
28775	-38.733333	-72.600000
55419	26.122308	-80.143379
28777	-33.448833	-70.630702
28776	-33.452212	-70.576520
35749	26.196940	-80.269870
55142	-33.650000	-71.166667
7400	9.350000	-83.700000
35968	26.244526	-80.206436
55141	-33.533453	-70.669485
25643	10.472629	-66.958092
22683	19.436111	-99.194077
4002	18.361557	-66.050278
56540	26.562854	-81.949533
322	26.122308	-80.143379
32503	17.086020	-61.789423
25004	-34.576126	-58.408813
25005	-33.541056	-70.563722
25006	4.600000	-74.083333
25007	-33.425888	-70.620912
25001	-33.008056	-71.519722
25002	-33.392348	-70.614040
25003	-33.503854	-70.572420
25008	-33.420212	-70.589444
25009	-33.443135	-70.641951
42473	-23.547500	-46.636111
42470	-23.547500	-46.636111
42471	-23.547500	-46.636111
55966	26.237860	-80.124767
25488	25.774266	-80.193659
25489	25.784822	-80.193196
27354	26.684510	-80.667558
25260	25.721490	-80.268384
57522	24.555702	-81.782591
46334	-23.547500	-46.636111
24999	-33.439417	-70.552211
24998	-33.028441	-71.560967
51866	21.165668	-86.830908
41817	18.539167	-72.335000
17671	26.122308	-80.143379
56727	26.149756	-80.264375
32421	9.933333	-84.083333
56723	-36.830729	-73.037536
2249	25.774266	-80.193659
56721	-33.527821	-70.568680
2240	-10.000000	-55.000000
43078	-13.518333	-71.978056
2461	26.259133	-80.253942
9278	25.807710	-80.207400
48612	14.550833	-90.524167
48613	15.500000	-90.250000
22925	26.634410	-80.053831
7530	-23.433889	-45.071111
26006	25.866730	-80.294773
26003	25.700508	-80.291260
53008	26.715342	-80.053375
26009	25.809433	-80.340180
2065	26.746265	-80.134683
45049	-39.814029	-73.239240
44269	18.426390	-66.071510
49362	-23.547500	-46.636111
49361	-27.588226	-48.544708
49360	-23.547500	-46.636111
49364	-10.000000	-55.000000
34821	26.514559	-80.154023
34823	26.122308	-80.143379
18878	-20.329722	-40.292500
49699	-23.573187	-46.659062
7249	26.144148	-80.237757
4498	26.403252	-80.116507
41109	-8.053889	-34.881111
34914	-23.603889	-46.919167
26919	25.956995	-97.473706
26918	26.191694	-97.695187
26913	26.182606	-98.111146
26911	26.180953	-98.209794
26910	26.194513	-97.679874
11890	-33.700000	-71.216667
26916	26.243407	-97.725270
26915	26.177500	-97.667432
26914	26.280129	-98.238373
49962	18.040970	-63.078516
33652	-26.304444	-48.845556
33653	-27.578746	-48.509867
33650	-34.576126	-58.408813
33651	-27.596667	-48.549167
33656	-10.000000	-55.000000
33657	-27.596667	-48.549167
33655	-23.510556	-46.876111
18905	26.104104	-80.250184
33658	-23.547500	-46.636111
33659	-23.548943	-46.638818
18727	25.507965	-80.421158
8211	20.607582	-100.080730
8216	25.679270	-80.317274
2809	25.702357	-80.292099
28780	-36.600000	-72.116667
28781	-33.408017	-70.576085
28782	-33.450000	-70.666667
28783	-33.431386	-70.623804
28784	-33.440614	-70.604706
28019	-33.437711	-70.649496
2407	25.774266	-80.193659
28010	-33.450000	-70.666667
29548	14.616667	-90.483333
28014	-27.466667	-58.833333
28017	19.434167	-99.138611
30273	19.449914	-99.216899
30274	19.414934	-99.172060
29839	19.046717	-98.211847
53071	-22.372222	-46.942222
23521	25.763433	-80.296162
4272	-31.833007	-64.532568
35178	18.419226	-66.055846
51520	18.183739	-65.949757
51521	18.435645	-66.049808
51523	18.149400	-65.829400
51524	18.398560	-66.155722
51525	18.356878	-66.113255
40503	13.116667	-59.566667
53079	-23.663463	-46.508550
28778	-36.812410	-73.070083
35311	-23.951160	-46.379963
35088	25.921994	-80.291927
8563	17.983333	-77.783333
28166	24.565257	-81.761897
27743	26.003146	-80.223937
55179	-15.779720	-47.929720
55178	-19.920833	-43.937778
3181	25.788116	-80.193571
55173	-30.033056	-51.230000
55172	-10.000000	-55.000000
55171	-23.561211	-46.686465
7473	25.901747	-97.497484
55177	-20.287500	-43.508056
55176	-19.935028	-43.947105
55175	-23.547500	-46.636111
55174	-23.579542	-46.767802
22456	9.901100	-83.684540
51384	-23.565704	-46.662582
51382	-23.603889	-46.919167
51383	-22.765808	-47.427798
11556	-22.680242	-43.240980
43083	26.080366	-80.168657
23455	-30.033056	-51.230000
51214	-33.450000	-70.666667
51215	-33.442998	-70.555298
26585	25.772877	-80.347830
51212	19.427231	-99.203033
51213	-33.302847	-70.713499
48888	26.562854	-81.949533
16156	26.358688	-80.083098
19850	18.466667	-69.900000
25079	25.785851	-80.360297
25137	25.774266	-80.193659
3102	-23.626354	-46.641226
2323	25.775267	-80.195346
34832	-34.576126	-58.408813
288	25.790654	-80.130045
3763	26.316730	-80.128122
24989	-34.576126	-58.408813
2499	25.863152	-80.192825
42598	-33.734175	-70.738118
43061	-33.700000	-71.216667
26163	14.666667	-90.500000
26167	25.790654	-80.130045
42597	-33.025383	-71.514694
43069	21.123619	-101.680496
24187	26.127586	-80.233104
52123	-22.902778	-43.207500
52122	-21.768085	-43.352755
57197	-12.050000	-77.050000
52498	-22.902778	-43.207500
53382	-30.033056	-51.230000
53383	-30.033056	-51.230000
53380	-30.033056	-51.230000
25421	25.857596	-80.278106
53387	-10.000000	-55.000000
41938	18.250000	-77.500000
12396	25.819778	-80.142532
36455	26.358688	-80.083098
38406	13.133333	-61.200000
36320	25.777219	-80.190378
26016	25.791580	-80.186174
26012	25.750610	-80.240265
12159	-41.317583	-72.986596
26010	25.920935	-80.305323
26011	25.774266	-80.193659
12155	-23.547500	-46.636111
12156	-22.947418	-43.333557
12150	-23.564492	-46.665062
26018	25.790654	-80.130045
26019	25.707602	-80.293385
10133	27.053921	-82.383660
18464	25.674969	-100.296171
44271	18.004327	-66.597620
42821	15.133333	-87.466667
42823	-33.450000	-70.666667
21759	10.121469	-72.009942
12308	26.011201	-80.149490
15895	25.774266	-80.193659
41114	16.219653	-61.528549
33203	19.400000	-99.100000
33204	19.619980	-99.200716
46385	-33.429000	-70.617079
5897	26.242099	-81.762694
53522	-8.115994	-79.029980
48408	-22.902778	-43.207500
48405	-22.936750	-43.175721
48407	-19.930573	-43.923462
33669	26.212861	-80.249771
18914	24.555702	-81.782591
36148	10.629879	-61.451286
33660	-27.584775	-48.524821
40373	26.301737	-98.163343
40372	26.284571	-98.239784
40371	26.301737	-98.163343
40374	26.215907	-98.325293
10911	25.774266	-80.193659
7642	25.644268	-100.353241
7645	25.764945	-80.189423
27564	19.425587	-99.166259
29828	25.696710	-80.298021
729	15.916667	-96.466667
6498	-31.400000	-64.183333
5526	26.368316	-81.732811
44899	25.774266	-80.193659
14416	26.715342	-80.053375
17448	26.201760	-80.193394
29171	26.123537	-80.371555
10315	26.310079	-80.237270
27194	26.734264	-80.102981
15072	25.774266	-80.193659
24022	25.774266	-80.193659
34142	19.385000	-99.165000
8486	26.248525	-80.088226
35760	26.256416	-80.193440
35763	25.940602	-80.310168
35764	25.908706	-80.308662
35766	25.709040	-80.286483
