58220	33.853611	35.577222
58221	33.833333	35.833333
58222	33.833333	35.833333
58224	33.833333	35.833333
58225	33.833333	35.833333
58226	33.833333	35.833333
58227	33.833333	35.833333
26288	35.000000	38.000000
26379	29.616800	52.555500
26377	27.000000	30.000000
26376	31.043056	31.376667
26373	27.000000	30.000000
22660	32.966906	35.492070
54261	25.362222	55.391111
37592	35.364722	24.471389
32712	27.000000	30.000000
10205	32.165833	34.836667
24301	25.171909	55.265761
16478	29.369722	47.978333
27378	30.050000	31.250000
27379	29.848982	31.334231
55226	41.013843	28.949661
55225	41.113037	29.024323
55224	41.073120	29.022812
55222	38.391022	27.045319
55221	38.613100	27.426100
55220	41.098685	29.053748
55584	41.011982	28.946545
6176	32.175000	34.906944
29712	25.246811	55.344879
44518	40.191667	29.061111
38486	39.000000	35.000000
38485	25.276040	51.530595
30770	26.130000	50.555000
46720	24.674800	46.697700
25528	32.067778	34.764722
57655	41.013843	28.949661
57613	29.403333	47.711111
26396	30.976111	31.166944
26391	27.000000	30.000000
26390	27.000000	30.000000
26392	27.000000	30.000000
8736	27.000000	30.000000
8737	30.050000	31.250000
8734	21.543486	39.172989
8735	30.050000	31.250000
8733	30.050000	31.250000
3582	39.886028	32.779514
34504	21.511383	39.167572
34503	24.640833	46.772778
38828	40.395278	49.882222
38824	24.640833	46.772778
38826	21.566988	39.170272
23547	41.179722	28.991389
38821	21.350278	39.891944
45688	21.615343	39.108196
45682	24.699001	46.689000
45684	21.615343	39.108196
45687	24.695898	46.708985
49288	35.271108	25.123083
49289	40.847500	25.874444
28497	41.073547	28.139755
53356	40.980556	29.114444
3808	25.294800	51.508200
22627	35.323471	25.100983
51806	32.067778	34.764722
22628	35.018837	24.831296
44797	40.980556	29.114444
43490	41.040520	29.044418
10798	36.183487	44.011902
58075	32.815556	34.989167
58077	41.043107	28.967317
58076	37.059400	37.382510
2865	27.000000	30.000000
8945	31.039070	31.379669
27873	41.013843	28.949661
44549	32.067778	34.764722
51931	35.671944	51.424444
10562	25.252222	55.280000
31955	31.198056	29.919167
31954	31.939400	35.934900
31950	15.588056	32.534167
26287	25.422900	55.442400
58210	33.871944	35.509722
14147	31.766667	35.233333
49418	41.013843	28.949661
31958	31.950000	35.933333
29719	25.252222	55.280000
57970	33.833333	35.833333
57973	33.871944	35.509722
8930	32.063611	34.855278
15811	30.106415	31.345200
40856	38.437041	27.140846
43492	41.150000	29.100000
43491	41.083550	29.028478
51804	32.067778	34.764722
16745	25.286667	51.533333
51802	32.067778	34.764722
16746	25.286700	51.533300
57780	41.013843	28.949661
55973	32.815556	34.989167
33695	32.175282	34.880602
14716	41.725000	44.790833
57658	40.988144	28.703407
56617	40.982717	28.723154
26387	27.000000	30.000000
57654	41.198056	29.030278
56615	40.975937	28.801483
57656	41.013843	28.949661
26385	26.304167	50.132500
10938	30.050000	31.250000
17306	31.950000	35.933300
13811	31.198056	29.919167
29841	36.200556	29.639167
8162	25.290329	51.505478
29587	34.916667	33.629167
56003	25.000000	45.000000
52079	26.304167	50.132500
57458	29.500000	47.750000
50708	40.976609	29.092691
50707	40.908611	29.390000
50706	41.085556	28.654722
50705	41.076389	28.258333
11656	35.706100	51.435800
40249	25.252222	55.280000
53318	21.266667	42.833333
23757	32.427908	53.688046
57326	21.537430	39.157730
57327	33.871944	35.509722
57320	24.674800	46.697700
53317	21.567795	39.135071
53316	24.640833	46.772778
58203	33.871944	35.509722
38817	21.426667	39.826111
39182	40.000000	60.000000
7950	21.000000	57.000000
39816	24.466710	54.366700
38818	24.866667	67.050000
7450	36.883333	30.650000
44722	24.466667	54.366667
24795	33.833333	35.833333
42608	41.066667	29.033333
42601	41.213783	29.110014
42600	40.989814	29.026247
42603	38.407200	27.150300
42602	41.033351	28.977317
42605	41.066433	28.946409
42604	41.028474	28.974037
42607	41.013843	28.949661
48100	41.033042	28.855819
36593	41.159167	27.800000
49356	32.067778	34.764722
26400	30.000000	31.183333
23378	27.215500	33.837875
23376	32.067778	34.764722
5380	32.176852	34.870531
26366	25.252222	55.280000
26367	29.848982	31.334231
43933	31.500000	34.750000
32947	31.046051	34.851612
36691	31.754601	35.218232
21779	25.156057	55.204580
32431	31.766667	35.233333
43479	41.013843	28.949661
50071	41.021682	28.542089
43478	39.878771	32.661387
56188	26.329864	50.193726
42502	32.067778	34.764722
14206	35.706100	51.435800
35444	42.150000	24.750000
29721	25.342346	55.401199
55798	35.706100	51.435800
57843	25.000000	45.000000
27381	30.050000	31.250000
27382	30.050000	31.250000
39005	30.050000	31.250000
54635	41.109802	29.019928
40147	25.245397	51.433323
26382	30.008611	31.212222
11282	27.000000	30.000000
43746	25.303908	55.376008
46719	26.279444	50.208333
51944	33.871944	35.509722
56823	41.016667	29.083333
55800	35.706100	51.435800
55807	40.797778	29.430556
55806	41.731667	27.224722
16718	26.226471	50.489805
13538	39.110000	26.554722
54142	27.000000	30.000000
50354	41.013843	28.949661
52080	24.674800	46.697700
3010	30.050000	31.250000
10905	27.000000	30.000000
8728	27.000000	30.000000
26384	29.337490	47.658100
56614	41.021852	29.187825
40852	31.256944	30.095278
26383	27.000000	30.000000
26381	26.425833	50.114167
8724	27.000000	30.000000
8727	30.050000	31.250000
21947	35.465073	44.388321
57907	41.066667	28.933333
42933	34.991667	32.904167
10302	32.815556	34.989167
25983	33.338611	44.393889
28256	30.046097	31.218918
5547	30.050000	31.250000
26748	35.361322	24.475249
181	30.050000	31.250000
26386	27.000000	30.000000
20949	40.981955	28.820696
44782	36.421249	54.962158
44780	35.706100	51.435800
11331	27.000000	30.000000
11330	27.000000	30.000000
26526	26.227675	50.494194
3523	25.252222	55.280000
58069	29.289383	48.065186
58067	39.889120	32.829048
46721	31.950000	35.933300
54804	32.240814	34.847748
54805	31.793381	34.633423
5712	32.165833	34.836667
55413	38.154444	27.361667
44531	24.652496	46.753204
31941	31.957123	35.908417
31946	21.578473	39.155677
31947	31.933333	35.983333
31948	31.933333	35.983333
31949	25.252222	55.280000
58200	33.871944	35.509722
58201	33.871944	35.509722
58206	33.871944	35.509722
58207	33.871944	35.509722
58205	33.833333	35.833333
58198	33.871944	35.509722
58199	33.871944	35.509722
1967	35.309143	25.140884
58196	33.871944	35.509722
58197	33.871944	35.509722
58195	33.880000	35.535000
36163	41.013843	28.949661
36162	38.458189	27.212542
9896	25.252222	55.280000
43896	41.011982	28.946545
43488	41.089502	29.017623
43489	41.013843	28.949661
41777	40.000000	60.000000
43484	41.013843	28.949661
43486	37.912500	28.320556
43487	40.998475	28.873550
43480	41.013843	28.949661
43481	36.581667	36.165000
43482	40.191667	29.061111
40316	25.164940	55.409402
55965	32.045101	34.769711
37946	25.252222	55.280000
27853	35.341667	33.316667
5894	25.366667	68.366667
37949	32.966906	35.492070
25485	35.706100	51.435800
25486	42.500000	27.466667
40557	32.067778	34.764722
40556	32.067778	34.764722
40555	32.067778	34.764722
40554	32.067778	34.764722
9476	24.466710	54.366700
40559	32.172119	34.903244
40558	32.067778	34.764722
16276	24.640833	46.772778
19950	35.706100	51.435800
24259	31.046051	34.851612
42274	32.083333	34.783333
57637	31.046051	34.851612
34640	21.725754	39.114578
34641	23.885942	45.079162
47707	34.766667	32.416667
7393	41.013843	28.949661
19546	32.067778	34.764722
43973	26.304167	50.132500
34138	41.033634	28.978161
53712	26.267135	50.215964
53827	38.519167	26.598889
53826	38.459176	27.212684
53825	38.425949	27.134048
54846	38.313167	26.357274
50818	21.572220	39.136353
50812	33.833333	35.833333
50584	25.328103	51.444481
55739	25.000000	45.000000
9096	24.866667	67.050000
39735	41.012379	28.975926
58158	33.871944	35.509722
58159	33.871944	35.509722
58157	33.871944	35.509722
58154	33.871944	35.509722
58152	33.833333	35.833333
58153	33.833333	35.833333
3475	35.166667	33.366667
54447	24.640833	46.772778
36510	30.187222	67.012500
24776	40.981955	28.820696
56196	32.067778	34.764722
27426	29.146209	48.121754
6288	32.165833	34.836667
388	40.149623	26.401904
27581	26.236100	50.583100
38065	41.013843	28.949661
23784	32.183333	35.883333
19285	25.252222	55.280000
56694	40.922754	29.127545
56693	41.053772	29.024597
9965	25.000000	45.000000
15838	25.286667	51.533333
34295	25.252222	55.280000
56678	41.061349	29.015730
11894	41.108912	29.023561
54158	29.146209	48.121754
54159	29.146209	48.121754
56616	39.893434	32.810428
16726	25.252222	55.280000
406	31.198056	29.919167
38820	21.516944	39.219167
7154	38.407222	27.150278
47962	37.536961	45.071640
57779	41.084212	29.035346
57778	41.080242	28.658875
51139	41.050000	29.050000
40868	41.018600	28.964710
47984	41.050862	28.988946
39864	41.013843	28.949661
27630	37.001667	35.328889
54157	29.146209	48.121754
15543	25.000000	45.000000
36097	41.022283	29.038038
14426	31.766667	35.233333
6296	21.543486	39.172989
36704	29.315387	47.863047
6056	36.765228	30.941252
57077	33.871944	35.509722
53373	25.252222	55.280000
49890	38.080000	46.291944
57302	40.983333	29.250000
53375	21.266667	42.833333
55476	39.879524	32.820834
26759	35.364722	24.471389
55474	39.927222	32.864444
55475	40.988227	29.061276
55472	41.013843	28.949661
55473	41.013843	28.949661
55471	39.900000	32.800000
58202	33.871944	35.509722
30814	25.286667	51.533333
48457	38.418698	27.129687
33058	33.000000	44.000000
43483	39.927222	32.864444
4841	32.183333	35.883333
55218	41.013843	28.949661
55216	41.066487	28.946675
55217	41.050709	28.994576
52973	36.202778	37.158611
23988	27.216600	56.383300
5839	24.000000	54.000000
45727	24.466667	54.366667
24721	41.035324	28.977112
359	39.927222	32.864444
2962	25.067135	55.143041
16767	25.286667	51.533333
33249	36.202778	37.158611
33248	21.543486	39.172989
12774	41.013843	28.949661
12775	36.795265	34.617920
12771	35.325000	33.329167
12772	40.766944	29.916944
12773	40.191667	29.061111
5478	24.866667	67.050000
18796	24.466667	54.366667
5904	25.252222	55.280000
41140	25.252222	55.280000
49508	37.223600	49.963700
49506	29.616800	52.555500
52017	31.500000	34.750000
13413	25.252222	55.280000
19867	27.000000	30.000000
47931	42.000000	43.500000
42599	41.066487	28.946675
46422	25.286667	51.533333
8729	27.000000	30.000000
58019	24.674800	46.697700
8528	27.000000	30.000000
30919	24.866667	67.050000
39931	32.067778	34.764722
46421	25.286667	51.533333
44852	41.013843	28.949661
50571	27.000000	30.000000
50574	25.500000	51.250000
50575	24.819167	46.852778
45690	21.615343	39.108196
12095	34.733333	32.516667
1259	25.252222	55.280000
53203	41.042770	28.993576
53202	40.970659	29.084164
53201	41.079722	29.258056
53200	41.093009	29.084222
22658	32.067778	34.764722
58161	33.871944	35.509722
58160	33.833333	35.833333
45283	31.046051	34.851612
31716	32.067778	34.764722
23381	24.866667	67.050000
45601	29.500000	47.750000
44779	35.828761	50.998203
36523	39.896654	32.776497
36525	26.257222	50.611944
54647	41.013843	28.949661
25702	40.964737	29.076920
41059	25.000000	45.000000
51901	41.071553	29.023276
55790	34.675000	33.033333
6162	31.766667	35.233333
57908	41.013843	28.949661
57909	41.054055	29.028407
56566	31.046051	34.851612
20031	41.074305	29.017595
11814	32.067778	34.764722
13125	25.000000	45.000000
33703	31.500000	34.750000
27122	25.252222	55.280000
27125	25.252110	55.280000
27127	25.252222	55.280000
27126	25.252222	55.280000
56843	25.116067	55.135059
56840	33.871944	35.509722
29893	29.992225	48.528727
54161	29.500000	47.750000
54160	29.283035	47.890619
57767	25.000000	45.000000
29557	29.500000	47.750000
57646	32.045101	34.769711
17954	35.166667	33.366667
17321	31.950000	35.933300
7933	21.426667	39.826111
31523	31.766667	35.233333
38662	41.013843	28.949661
49082	32.065672	34.775727
49083	32.067778	34.764722
49086	32.067778	34.764722
49087	32.805606	34.954857
49085	32.776714	35.012234
42250	35.706100	51.435800
30083	24.467987	54.321548
47903	24.000000	54.000000
49886	41.013843	28.949661
49887	40.937880	29.112804
55191	32.067778	34.764722
55190	32.067778	34.764722
55192	32.067778	34.764722
7945	35.364722	24.471389
37560	29.369722	47.978333
37561	29.302500	48.086944
11317	27.000000	30.000000
34663	39.950000	32.800000
56945	41.013843	28.949661
49417	40.683212	37.397978
35003	21.000000	57.000000
9698	35.671944	51.424444
34140	41.125671	29.034912
6234	31.964780	35.863470
38342	24.000000	54.000000
46590	25.252222	55.280000
30393	24.674800	46.697700
